((("memo" .
   [7 0 0 0])
  ("matrix" .
   [1 0 0 0 0 0])
  ("w2l" .
   [3 0 1])
  ("w1l" .
   [5 0 0])
  ("true_rx" .
   [4 0 0 0 0 0 0])
  ("true_ry" .
   [3 0 0 0 0 0 0])
  ("length" .
   [2 0 0 0 0 0])
  ("amount" .
   [2 0 0 0 0 0])
  ("endl" .
   [1 0 0 0])
  ("cin" .
   [3 0 0])
  ("findall" .
   [1 0 0 0 0 0 0])
  ("root" .
   [2 0 0 0])
  ("mystr" .
   [3 0 0 0 0])
  ("mybytes" .
   [1 0 0 0 0 0 0])
  ("data" .
   [1 0 0 0])
  ("request" .
   [1 0 0 0 0 0 0])
  ("urllib2" .
   [3 0 0 0 0 0 0])
  ("String" .
   [1 0 0 0 0 0])
  ("main" .
   [2 0 0 0])
  ("i3" .
   [1 0])
  ("default-frame-alist" .
   [0 0 0 0 0 0 0 0 0 0 0 0 0 1 0 0 0 0 0])
  ("add-to-list" .
   [1 0 0 0 0 0 0 0 0 0 0])
  ("alpha" .
   [2 0 0 0 0])
  ("select-frame" .
   [0 0 0 0 0 0 1 0 0 0 0 0])
  ("set-frame-parameter" .
   [0 0 0 0 0 0 0 0 0 0 0 0 1 0 0 0 0 0 0])
  ("helm" .
   [1 0 0 0])
  ("require" .
   [3 0 0 0 0 0 0])
  ("iostream" .
   [3 0 0 0 0 0 0 0])
  ("i3wm" .
   [0 0 1 0])
  ("lsh" .
   [0 0 1])
  ("nil" .
   [1 0 0])
  ("std" .
   [11 0 0])
  ("cout" .
   [3 0 0 0])
  ("upper" .
   [7 0 0 0 0])
  ("lower" .
   [1 0 0 0 0])
  ("in" .
   [1 0])
  ("e" .
   [1])
  ("ceil" .
   [2 0 0 0])
  ("minimumBribe" .
   [0 0 0 0 0 1 0 0 1 0 0 0])))
